Latitude	Longitude	Depth	Sagenista	Dinophyceae	Prymnesiophyceae	Syndiniales	Sar11	Sar86	Flavobacteriales	Prochlorococcus	Synechococcus
deg	deg	m	abund	abund	abund	abund	abund	abund	abund	abund	abund
26.997	-79.618	1	4.611902198	7.03102858	4.840617391	6.807878742	7.538201748	5.763575072	5.11566614	5.889083589	5.379895823
27.004	-79.678	1	4.717416869	7.065430034	5.073854589	6.841485246	7.552253639	5.931176759	5.206634865	6.801314187	4.910444598
26.988	-79.778	1	4.869326542	7.103721179	4.99265309	6.827059904	7.632613392	5.88952841	5.157473718	6.131991324	5.404246703
26.994	-79.859	1	4.725756946	7.160554513	5.192554967	6.756939186	7.586414602	5.982057336	5.443356447	6.47509297	5.360616425
26.991	-79.933	1	4.989755315	6.958576225	5.27298165	6.968809588	7.638087049	6.001499156	5.307074853	6.661129459	5.176082255
26.991	-79.987	1	4.97805072	NA	NA	NA	NA	NA	5.452721675	NA	5.913265953
26.995	-80.003	1	4.915426438	6.950468969	4.999608923	6.768776613	7.639294834	5.815450764	5.461569698	5.579571144	5.77227443
25.497	-80.024	1	5.09236313	7.123574347	4.944083287	7.004926196	7.634257983	5.578811796	5.42627686	3.675205986	6.836568946
26	-86	1	4.769560288	7.175979954	4.704895187	6.887809044	7.514609063	5.819516719	5.245514401	6.721344145	5.085939009
26.221	-85.665	1	4.688753192	7.025721858	4.965809134	6.947177297	7.613659055	5.826418911	5.246981701	5.242905291	5.438485664
26.444	-85.333	1	5.020191587	7.164181435	4.666331475	6.730116842	7.61758635	5.77035692	5.073928925	5.958682143	5.522635805
26.666	-85.003	1	5.138781049	6.807050267	5.078982893	6.771657655	7.656856554	5.777910713	5.417966541	5.035482003	6.014804469
27.112	-84.334	1	5.073283576	7.065272599	4.658399539	6.684302534	7.628849381	5.742406826	5.21579421	5.940459513	5.702228179
27.332	-84.004	1	4.130435918	7.174164449	4.772743031	6.833260096	7.514272027	5.820253703	5.390046239	6.197364277	5.427490571
27.555	-83.666	1	4.324346653	7.105305793	4.697132757	6.825795783	7.501758979	5.786424499	5.422111167	5.992340089	5.616571312
27.778	-83.332	1	4.167047886	6.966455314	4.723021221	6.790769867	7.533506479	5.727497901	5.419772726	5.59758572	5.709194176
28.014	-83.016	1	4.341011886	NA	NA	NA	NA	NA	5.293733962	NA	6.454513135
29.5	-85.378	1	4.56374582	6.889307552	3.323867067	6.433482205	7.531637843	5.238362565	5.618884233	2.469142136	6.878324028
29.378	-85.509	1	5.164369097	7.193564849	4.285671618	6.562226423	7.553150426	5.186067401	5.255614751	4.811967121	6.804406671
29.206	-85.647	1	4.989599965	7.11061788	4.374077673	6.688492991	7.605262388	5.28455667	5.310372068	4.946234415	6.83056896
29.038	-85.783	1	5.283224823	7.130586812	4.58550676	7.03585793	7.535648731	5.351955786	5.407394871	5.48091516	6.668062224
28.866	-85.922	1	5.096751531	7.100627166	4.596906262	6.686464706	7.526964715	5.619841061	5.476191753	6.100194958	5.8645179
28.689	-86.064	1	4.605308708	NA	NA	NA	NA	NA	5.419334769	NA	5.683081555
28.516	-86.204	1	4.629705668	NA	NA	NA	NA	NA	5.278046699	NA	6.120025984
28.344	-86.341	1	4.546731721	7.048700417	3.43190456	5.902012039	7.605974507	5.171157697	5.445722138	3.694343642	7.185822572
28.172	-86.481	1	4.737217877	7.306883716	3.444888479	5.686764582	7.603630334	5.416844681	5.261591908	3.086591819	7.03215948
28	-86.62	1	4.607181248	7.280057996	4.346637796	6.906400308	7.484065733	5.351517115	5.211239805	3.73105952	6.665541933
27.5	-86.81	1	4.783337245	7.076112652	4.216927603	6.641887631	7.573945077	5.291084193	5.349602966	3.918597054	6.978282689
27.011	-87	1	4.525497176	7.154102412	4.475198934	6.771931717	7.510659568	5.742488478	5.30448291	5.958005015	5.482805743
30.111	-86.8	1	4.614316212	7.257989762	3.966855192	6.467957054	7.50610392	5.400192541	5.611930943	3.639276803	6.90063413
29.758	-87.041	1	5.047081706	7.18680319	4.360097374	6.857069761	7.539839834	5.220900331	5.347756797	4.391703314	6.921382604
29.463	-87.236	1	4.654040547	NA	NA	NA	7.587509906	NA	NA	NA	6.028032846
29.052	-87.521	1	4.298573949	7.170300525	4.571663293	6.869898005	7.55593027	5.390324122	5.204933191	5.062505947	6.186837088
28.701	-87.76	1	4.988506289	7.061320881	4.756353011	6.91723958	7.617371957	5.491292746	5.356297609	4.700475918	6.623630917
28.347	-88	1	4.200543878	6.940718609	3.210097491	8.418177091	7.592936115	5.135004158	6.060330239	2.348360867	7.423858231
27.001	-89.999	1	4.478558476	7.118332163	4.735588585	6.826646958	7.540609996	5.795875333	5.017871554	6.694536783	5.061195156
27.584	-89.999	1	5.160918284	7.067887199	4.705021318	6.839075258	7.589483948	5.751758578	4.98970357	6.961639533	5.085843138
27.737	-89.999	1	5.102166296	7.071750687	4.822672307	6.794384438	7.588753424	5.818729968	4.947836002	7.567311611	4.815600987
27.91	-90.001	1	4.974236444	7.089257291	4.614922207	6.662032798	7.5848684	5.676349832	4.940369894	6.63965636	5.17606606
28.074	-89.998	1	4.785440318	7.093907878	4.636313741	6.77068816	7.590522157	5.711959537	4.994846293	6.747757671	5.190703538
28.245	-89.986	1	4.744910637	7.042878607	4.999926402	7.017521448	7.597169747	5.947375243	5.029630923	8.010463188	4.537047337
28.499	-90	1	4.374002931	7.105747816	4.847926445	6.985920624	7.590962377	5.510113761	5.526560946	4.873722288	6.439492818
28.745	-89.992	1	3.325381169	5.940283594	2.495264734	6.002256112	7.451355951	5.822025271	6.487651169	5.223299211	6.953761667
28.935	-90.123	1	2.838980263	6.837075722	1.828856193	4.804713486	7.313025975	5.586452672	6.610281415	1.078886499	5.748994613
28.97	-90.21	1	4.29911851	6.790792932	1.698411874	4.51912018	7.392255314	5.630241128	6.830017167	1.165439901	6.135509503
28.877	-90.446	1	3.6635466	NA	NA	NA	NA	NA	6.819275458	NA	7.073027925
28.827	-90.814	1	3.707876036	6.382548562	2.656445238	6.492766495	7.642151413	5.602757221	6.159148701	3.217319051	7.08900367
27.92	-93.579	1	4.650625498	7.068617319	4.766602977	6.93646892	7.544316427	5.848631838	5.449650194	6.869776316	5.44013872
27.87	-93.831	1	4.909151764	7.038404667	4.785687643	6.917102399	7.604935324	5.77464561	5.289052964	6.628378188	5.634403244
27.691	-94.22	1	4.501242233	6.871629791	4.802754318	6.930479376	7.648338733	5.74236589	5.371448044	6.124876644	5.996797364
27.333	-95	1	4.373872369	7.03688482	4.976945887	6.995977333	7.622929773	5.898203745	5.242099056	6.741881008	5.426666378
27.5	-95.004	1	4.528766367	7.038630254	4.855077978	7.01445164	7.629449236	5.875682655	5.231460419	6.499549651	5.461885389
28.085	-95.001	1	4.928953781	NA	NA	NA	7.673902	NA	NA	NA	5.834152238
28.334	-94.999	1	4.857748698	7.023541304	4.661953989	6.963466837	7.664857471	5.540704959	5.402987721	4.14211918	6.45807413
28.683	-95	1	4.361017822	7.04529963	3.73015436	7.006274649	7.707793876	5.119312655	5.824005805	2.338097971	6.616187484
27.335	-96.783	1	5.155081577	6.989550043	4.601092349	6.585400643	7.659861542	5.63303569	5.385254893	4.253532739	6.043824642
26.067	-96.923	1	4.437475354	7.047914483	4.536873594	6.611260304	7.696984533	5.65453796	5.248094718	4.477136656	5.828659378
26.061	-96.807	1	4.570905232	NA	NA	NA	NA	NA	5.43400277	NA	6.392975514
26.061	-96.568	1	4.626119692	6.979909523	4.544568295	6.775830094	7.641496462	5.672107237	5.351780807	5.21608951	6.145004908
26.058	-96.325	1	4.385813678	7.126451885	4.854248569	6.742441396	7.53157	5.86819149	5.401339792	6.589516983	5.443570506
26.059	-96.082	1	4.480166401	7.102820326	4.991019675	6.76934992	7.665186465	5.864293851	5.217870854	5.737769567	5.642596238
26.058	-95.841	1	4.453266501	7.082662114	4.644922507	6.573227405	7.640606828	5.686950123	5.299456372	4.059125309	5.523968143
26.059	-95.55	1	4.66581831	6.987759173	4.845662095	6.998627877	7.718273803	5.860295271	5.143731282	6.063957576	5.578618555
26.059	-95.121	1	4.465161529	6.943136692	4.818564915	6.991700112	7.721849364	5.835024846	5.236937419	6.279343561	5.666789061
26.058	-94.671	1	4.456185563	NA	NA	NA	NA	NA	5.265525074	NA	5.505896883
26.058	-94.197	1	4.39338334	7.028661893	4.955014739	6.91556462	7.692769197	5.836169159	5.304394636	6.368542107	5.573278763
26.058	-93.729	1	4.751446508	7.042897979	4.893296852	7.079013992	7.69859001	5.991038976	4.965486101	7.334954702	4.79368222
26.057	-93.262	1	4.657276786	7.100089483	4.623076357	6.810604837	7.625344342	5.770322939	5.084109898	6.023805006	5.508181583
24.999	-93.416	1	4.365976796	7.112917005	5.316118253	7.006348606	7.483347543	6.034819372	5.404812099	7.648838345	4.706183117
22.275	-97.719	1	4.590132949	7.084710467	4.661338539	6.635757759	7.645715123	5.738709545	5.464207	5.017043716	6.095735807
22.274	-97.639	1	4.516632	7.070256378	4.744580801	6.842837348	7.654378196	5.755757347	5.241389673	5.295526114	5.909921116
22.273	-97.546	1	4.712513846	6.973581133	4.945683454	6.908143472	7.679643873	5.775566887	5.228894235	5.767122054	5.872649304
22.275	-97.453	1	4.576680474	6.995572871	4.976498763	6.734630178	7.653345789	5.735656082	5.187708255	5.739127831	5.829772743
22.274	-97.361	1	4.556775642	7.050516413	5.055484724	6.776061561	7.63699778	5.814952043	5.174878182	6.33887547	5.541240637
22.274	-96.77	1	4.58768518	7.123593131	4.959339354	6.999474871	7.586294204	5.94025774	5.172668025	6.989716103	5.087484321
22.274	-96.18	1	4.416224667	7.110284099	4.668085198	6.886619895	7.601070648	5.801526235	5.167028662	6.043219835	5.441519028
22.276	-95.588	1	4.565341809	6.974300043	5.034674261	6.830130024	7.657169351	5.777266287	5.237321772	5.89983482	5.846691828
22.274	-95	1	4.636756358	7.014820766	4.913171088	6.834906836	7.618060047	5.764734606	5.216087646	5.841362359	5.701172396
20.729	-94.75	1	4.543741655	6.99883698	4.858462924	6.534701978	7.666491477	5.71012665	5.132322604	5.55306414	5.757097482
20.601	-94.29	1	4.68018568	6.936501704	5.196514159	6.709024801	7.762556153	5.79160503	4.975976606	6.503058279	5.549477173
20.02	-93.771	1	4.532052117	7.12028371	4.55036466	6.713436098	7.501777048	5.646686952	5.388451838	4.455602778	6.105157642
19.609	-93.5	1	4.648204029	NA	NA	NA	NA	NA	5.34821976	NA	6.144447324
19.17	-93.299	1	4.375889843	7.152481912	4.749760211	6.778768273	7.568323384	5.754789461	5.349637791	5.198984948	5.877113963
18.836	-93.066	1	4.577064684	7.118123616	4.85620055	6.311578948	7.696915071	5.733744505	5.711130645	3.19088555	7.051106374
22	-92.917	1	4.825647819	NA	NA	NA	NA	NA	NA	NA	NA
21.733	-92.318	1	4.703731194	NA	NA	NA	NA	NA	5.154495935	NA	5.532865537
21.45	-91.567	1	4.620492629	6.976839658	5.105407089	6.497899879	7.622105037	5.713061921	5.149268294	5.909138232	5.725774444
21.167	-90.768	1	4.436613525	6.715608462	5.280247074	6.442272144	7.650560928	5.658990327	5.198102467	4.478187474	6.00029087
21.701	-89.667	1	4.512545295	6.894842738	5.34804642	6.56101303	7.627759982	5.770612383	5.106305912	5.532433898	5.633311532
22.272	-90.043	1	4.689614348	6.907712254	5.090063351	6.78217721	7.55499069	5.763293685	5.292811809	5.880494737	5.639374752
22.659	-90.288	1	4.562841792	6.94913392	5.165905499	6.971059581	7.60933666	5.903850234	5.275149416	6.971463834	5.402033943
22.971	-90.499	1	4.568140453	7.069781181	5.063126922	6.75910857	7.625994004	5.809082758	5.114430799	6.081918064	5.475371093
23.183	-90.642	1	4.668798009	NA	NA	NA	NA	NA	NA	NA	NA
21.927	-88	1	4.470692359	7.049696642	4.994678572	6.660614926	7.591088544	5.765813006	5.093038685	6.443530133	5.422086832
22.542	-88	1	4.605020908	7.060944343	4.73417976	6.770228007	7.569915162	5.744654986	5.09232141	6.59338213	5.3177417
23.156	-88.001	1	4.547441787	6.95757027	4.99901408	6.933851717	7.608874411	5.83088819	5.288429635	6.114526695	5.563323012
23.769	-88.001	1	4.511526298	7.03549778	4.85202679	6.968128626	7.624564893	5.933044333	5.212342195	6.776054262	5.164274493
24.386	-88.002	1	4.429556634	7.091411497	4.69371049	6.793142622	7.539024281	5.765417491	5.03519261	6.148641502	5.189780098
24.994	-87.99	1	4.548468575	7.075637357	4.916269005	6.763309396	7.542387238	5.810996626	5.015361952	6.324836562	5.058758233
25.493	-87.998	1	4.717042341	6.114283785	4.554573659	6.802115167	7.326100564	5.537222142	5.091732307	2.286790703	5.175496223
26	-88	1	4.376558221	7.088404706	5.037559188	6.784700082	7.506759305	5.85962974	5.199089111	6.456123113	5.153939264
23.088	-86.273	1	4.841026474	6.882390498	5.106499741	6.94376434	7.470387741	5.841983475	5.245915697	6.039856838	5.148280439
22.734	-86.49	1	4.710531252	6.899505694	5.422348601	7.00724943	7.54450655	6.020403243	5.151019229	7.378354661	4.380041903
22.54	-86.611	1	4.803924624	7.006430573	4.90739971	6.892198268	7.503129952	5.825907069	5.124225571	6.196154952	5.058034138
22.348	-86.744	1	NA	NA	NA	NA	NA	NA	NA	NA	NA
22.254	-86.81	1	4.54927827	6.994093201	4.648146989	6.58284063	7.497587025	5.595397418	5.191094519	4.78135332	4.76640413
22.206	-86.833	1	4.414738142	7.11559238	4.343934879	6.848651792	7.430792865	5.628979634	5.187905733	6.052800498	5.131285836
22.073	-86.916	1	4.912475829	6.99745101	4.626207134	6.784470692	7.522387205	5.679485216	5.062699473	6.595056098	5.150241937
21.948	-86.992	1	4.878063377	6.948876737	4.513523086	6.665760431	7.551715998	5.589557423	5.081521891	6.079996499	5.439543113
21.551	-86.749	1	4.595048235	6.718597383	4.282886193	6.786717727	7.546096636	5.597459444	5.290277501	4.951353179	5.751284424
21.591	-86.503	1	4.479485716	7.037997859	5.06735877	6.829226316	7.468787642	5.864427975	5.328803779	6.416942861	5.13572486
21.633	-86.242	1	4.599779849	7.128577031	4.821363271	6.913932208	7.496732653	5.79891814	5.178754081	5.998761593	5.39501342
21.665	-85.98	1	4.401659903	NA	NA	NA	7.450840609	NA	NA	NA	5.502523549
21.678	-85.897	1	4.44648648	6.929739988	4.953271296	6.753523448	7.486823487	5.749250066	5.271669745	5.79972821	5.388731651
24.4	-80.625	1	4.188028332	7.211510584	4.839283472	6.753745861	7.460303106	5.840293081	5.251363634	6.651005514	5.090823626
24.517	-80.63	1	4.587623117	7.155172416	4.647374475	6.968914055	7.465518869	5.816529032	5.311810257	6.709817411	5.261929555
24.735	-80.622	1	4.570167229	NA	NA	NA	NA	NA	5.38681563	NA	5.747549673
24.466	-82.867	1	4.467953817	7.045339551	4.673826443	6.891606097	7.509131059	5.719255591	5.310191125	5.502735429	5.722443361
26.596	-82.696	1	4.8624557	7.088599318	4.242826048	6.884823965	7.503551232	5.676994789	5.23306388	5.684003523	5.522153936
26.63	-82.554	1	4.57353578	6.923728356	4.268843522	6.541326649	7.55129025	5.683723513	5.251425611	5.367954661	5.807947019
26.669	-82.417	1	4.837157099	6.729442508	2.281142626	6.105763311	7.618639775	5.623598808	5.86047427	5.39957795	5.967525912
27.034	-82.615	1	4.779246754	NA	NA	NA	7.489459899	NA	NA	NA	5.451079156
26.955	-82.751	1	NA	NA	NA	NA	NA	NA	NA	NA	NA
26.879	-82.889	1	4.326203375	6.993315397	4.544253932	7.006317034	7.479270095	5.681718144	5.426948405	6.653723865	5.635617321
26.729	-83.101	1	4.516414048	6.945742435	4.235844435	6.741467325	7.557627426	5.578406752	5.436926696	5.936477474	5.868424107
26.62	-83.24	1	4.666233386	7.072037913	4.505420378	6.895798513	7.495693819	5.707196858	5.390399436	6.517910852	5.528143111
26.521	-83.409	1	4.758108215	7.091095795	4.497065722	6.799815775	7.577512765	5.693572337	5.112569989	6.106187591	5.469836271
26.387	-83.607	1	4.726416343	7.120929912	4.622938478	7.014591792	7.519962368	5.785561513	5.179247057	6.319494491	5.342052091
26.259	-83.806	1	4.991466775	7.04155122	4.766942876	6.934274652	7.570400011	5.858919785	5.197754326	6.860574147	5.22803511
26.132	-84.003	1	4.761006128	7.047688759	4.685723123	7.04504063	7.511019801	5.815126607	5.248735233	6.644824152	5.326198443
26.002	-84.197	1	4.982101454	7.114000242	4.5740842	6.917285719	7.528119922	5.740306669	5.222176095	6.271678866	5.480550148
25.874	-84.393	1	4.60361877	7.257440797	4.702529293	6.934090306	7.451251488	5.794632136	5.336772159	6.500583172	5.135759218
25.745	-84.589	1	4.555568576	7.127244138	4.613698792	6.937292542	7.474258988	5.80709736	5.355575832	7.048315814	5.006903668
25.658	-84.715	1	4.646278033	7.048763369	4.468157744	6.952427379	7.53799745	5.630128883	5.123478839	6.807995166	5.242991612
25.574	-84.843	1	4.661909194	6.691907596	4.48028507	6.899480008	7.573187478	5.680009582	5.132456809	7.851406661	5.415599419