Latitude	Longitude	Depth	temp	salinity	oxygen	nitrate	nh4	dic	pH_corrected	phosphate	log_temp	log_salinity	log_phosphate	log_nh4	log_nitrate
deg	deg	m	abund	abund	abund	abund	abund	abund	abund	abund	abund	abund	abund	abund	abund
26.997	-79.618	1	29.575	36.237	194.9	0.012680281	0.301400517	2028.084832	8.03	0.038040842	3.387267476	3.590356619	-3.035703755	-1.166675359	-3.78625941
27.004	-79.678	1	29.621	36.198	196.7	0.087799567	0.642887939	2027.421678	8.027	0.008779957	3.388821111	3.589280089	-3.974965095	-0.426349774	-2.324835129
26.988	-79.778	1	29.567	35.379	196.4	0	0.366002488	2023.746293	8.036	0.0146401	3.386997032	3.566401037	-3.703380082	-0.978159519	-4.605170186
26.994	-79.859	1	29.394	35.097	196.4	0.075183401	0.424737398	2021.31265	8.045	0.005858447	3.38113072	3.558400541	-4.144052987	-0.833013113	-2.462948688
26.991	-79.933	1	29.624	35.351	195.4	0.023430426	0.556472624	2028.632118	8.028	0.002928803	3.388922351	3.565609518	-4.348297666	-0.568326524	-3.398288836
26.991	-79.987	1	29.801	35.457	194.5	0.055636206	0.461682902	2034.30422	NA	0.035138656	3.394877453	3.568602687	-3.098016282	-0.751448337	-2.723627815
26.995	-80.003	1	29.815	35.44	193.8	0.076134732	0.56613006	2034.579448	8.033	0.025378244	3.395346968	3.568123253	-3.341658224	-0.551421845	-2.451842557
25.497	-80.024	1	29.426	33.933	197.3	0.011725614	0.465116037	2001.894659	8.047	0.068399417	3.382218415	3.524682647	-2.545938788	-0.744196216	-3.829263346
26	-86	1	28.964	35.942	195.4	0.12879802	0.42835099	2028.334828	8.035	0.022442079	3.366398876	3.582184715	-3.428298964	-0.824735342	-1.974735496
26.221	-85.665	1	29.944	35.648	195.5	0.210781164	0.671377042	2026.805959	8.057	0.032202678	3.399662872	3.573973526	-3.1652716	-0.383639467	-1.510583276
26.444	-85.333	1	28.957	35.365	197.2	0	0.413847373	2020.459464	8.042	0.031233764	3.366157251	3.566005356	-3.188497844	-0.858381858	-4.605170186
26.666	-85.003	1	30.024	35.187	192.8	0.017573649	0.4090755	2031.98938	8.03	0.030265729	3.402330073	3.560960852	-3.212254569	-0.869704184	-3.590894709
27.112	-84.334	1	29.015	34.992	189.9	0	0.493122901	2016.844037	8.032	0.027341468	3.368157528	3.555405203	-3.287650827	-0.686920803	-4.605170186
27.332	-84.004	1	29.147	35.634	197.6	0.108329717	0.250817454	2033.508877	8.03	0.024398585	3.372695021	3.57358083	-3.369739849	-1.343934526	-2.134280339
27.555	-83.666	1	29.116	35.549	195.8	0.046848292	0.18153713	2030.51251	8.028	0.029280182	3.371631246	3.571193289	-3.237035162	-1.652673599	-2.867369103
27.778	-83.332	1	29.352	36.076	192.7	0.055610564	0.241954736	2046.204402	8.016	0.036098086	3.379701321	3.585904978	-3.076983848	-1.378505827	-2.724018559
28.014	-83.016	1	29.682	34.383	214.2	0.056658803	0.283294013	1967.186561	NA	0.164115152	3.390877649	3.537853055	-1.748038406	-1.226579716	-2.708168163
29.5	-85.378	1	28.272	32.463	187.3	0.289600302	1.162314725	1990.127074	7.979	0.034243279	3.34222556	3.480408975	-3.118051806	0.158980192	-1.205306019
29.378	-85.509	1	28.097	33.165	195	0	0.56027264	1956.844008	8.035	0.033244799	3.336018656	3.50179658	-3.140878307	-0.561640717	-4.605170186
29.206	-85.647	1	28.245	33.11	193.5	0.007822774	0.938732937	1957.674222	8.049	0.02444617	3.341270433	3.50013733	-3.368357463	-0.052627935	-4.027278201
29.038	-85.783	1	28.345	33.428	192.5	0.010752725	0.41055858	1973.058583	8.044	0.017595368	3.344803381	3.509692978	-3.590107346	-0.866171499	-3.875077716
28.866	-85.922	1	28.466	34.673	190.2	0.077152306	0.458030777	2009.344808	8.036	0.02636851	3.349061627	3.546249653	-3.314051989	-0.759221222	-2.440098047
28.689	-86.064	1	28.34	34.757	197.9	0.06445217	0.193356509	2005.386832	NA	0.015624768	3.34462703	3.548668661	-3.664195895	-1.592794638	-2.597598373
28.516	-86.204	1	28.11	34.243	199.4	0.013678156	0.250114844	1997.982999	NA	0.023448267	3.336481067	3.533774152	-3.397755302	-1.346632038	-3.743202344
28.344	-86.341	1	27.81	32.614	199.6	0	0.331532949	1981.369309	8.075	0.088017597	3.325755186	3.485048214	-2.322608255	-1.074311121	-4.605170186
28.172	-86.481	1	28.21	33.014	222.8	0	0.302085371	1988.637006	8.07	0.093851766	3.340030946	3.49723457	-2.264790724	-1.164478504	-4.605170186
28	-86.62	1	28.703	33.357	199.2	0.428198868	0.401803048	1980.081252	8.067	0.078209839	3.357349982	3.507567388	-2.428036769	-0.887210083	-0.825082435
27.5	-86.81	1	28.351	33.352	197.6	0	0.299198754	1981.172194	8.069	0.084088539	3.345014962	3.507417528	-2.363519036	-1.173770992	-4.605170186
27.011	-87	1	28.84	35.624	195.2	0.089752749	0.33657281	2017.713558	8.058	0.039022935	3.362109993	3.573300238	-3.015467029	-1.059662353	-2.305060665
30.111	-86.8	1	27.819	32.095	197.9	0.051840111	0.404939737	1921.174976	8.047	0.044993304	3.326078642	3.469011781	-2.900543847	-0.879621981	-2.78320308
29.758	-87.041	1	28.047	33.432	198.8	0.012702848	0.391834019	1980.025453	8.053	0.050811394	3.334238155	3.509812595	-2.799978106	-0.911716164	-3.7852649
29.463	-87.236	1	27.763	34.232	NA	0	0.365835519	2006.660574	8.058	0.039998017	3.324064326	3.533452961	-2.995771934	-0.978603681	-4.605170186
29.052	-87.521	1	27.732	34.097	200.7	0	0.237345706	2004.394994	8.068	0.054696953	3.32294751	3.529502642	-2.738041173	-1.396968301	-4.605170186
28.701	-87.76	1	28.318	33.566	196.8	0	0.350794417	1998.986806	8.065	0.044948588	3.343850715	3.513811526	-2.901357295	-1.019446965	-4.605170186
28.347	-88	1	27.727	30.548	199.7	0.136144892	0.339872501	1946.576739	8.087	0.134185973	3.322767262	3.419626517	-1.936651333	-1.050186474	-1.923156738
27.001	-89.999	1	28.981	36.144	195.1	0	0.256501595	2029.389718	8.03	0.025357572	3.366985437	3.587787593	-3.342242709	-1.32237505	-4.605170186
27.584	-89.999	1	28.511	36.192	195.8	0.003901763	0.369692052	2037.534745	8.045	0.026336901	3.350640658	3.589114366	-3.314921498	-0.968394744	-4.275739612
27.737	-89.999	1	28.542	36.285	195.6	0	0.36963389	2038.835938	8.036	0.013654022	3.351726986	3.591679991	-3.744222115	-0.968547938	-4.605170186
27.91	-90.001	1	28.495	36.284	196.9	0	0.34136011	2039.698992	8.037	0.040963213	3.35007951	3.591652438	-2.97665122	-1.045943627	-4.605170186
28.074	-89.998	1	28.497	36.166	196	0	0.292577243	2040.479355	8.043	0.033158754	3.350149671	3.588395916	-3.142870008	-1.195418685	-4.605170186
28.245	-89.986	1	28.398	36.066	195.5	0	0.250671719	2040.657908	8.059	0.002926129	3.346670796	3.585627824	-4.348504512	-1.344493445	-4.605170186
28.499	-90	1	27.832	33.528	196.7	0.017593546	0.291270935	2015.805652	8.051	0.038119351	3.326545672	3.512679124	-3.034070875	-1.199745303	-3.590173374
28.745	-89.992	1	26.638	27.63	241.2	0.041220223	0.147215082	1898.962933	8.206	0.156047987	3.282714101	3.319263999	-1.795478454	-1.850140462	-2.971620844
28.935	-90.123	1	26.467	25.551	228.9	0.646719332	0.260456874	1898.025381	8.152	0.310582536	3.276276432	3.241067752	-1.137615513	-1.307642624	-0.420498548
28.97	-90.21	1	26.197	25.7	232.8	0.246699334	0.459981229	1896.009591	8.154	0.269305249	3.266026551	3.246880021	-1.275450013	-0.755062523	-1.359849786
28.877	-90.446	1	26.511	25.938	244.5	0.012773301	0.197494885	1904.677085	NA	0.169983159	3.277936872	3.256094535	-1.714891994	-1.57264859	-3.782166438
28.827	-90.814	1	27.001	27.935	233.9	0	0.364970606	1910.649332	8.157	0.147165567	3.29624419	3.330238293	-1.850455462	-0.98090764	-4.605170186
27.92	-93.579	1	28.671	35.627	194.5	0.048787862	0.161975702	2042.730587	8.051	0.015612116	3.356234883	3.573384424	-3.664689758	-1.76040208	-2.833819874
27.87	-93.831	1	28.522	35.419	197.2	0.011710894	0.196157468	2046.190651	8.043	0.020494064	3.351026264	3.567530694	-3.490223237	-1.579114994	-3.829941117
27.691	-94.22	1	28.89	35.63	194.3	0.019515549	0.290781679	2059.144919	8.021	0.026345991	3.363841595	3.573468603	-3.31467137	-1.201370596	-3.52283807
27.333	-95	1	29.213	35.981	195.3	0.017558069	0.29263448	2045.713185	8.048	0.015607172	3.37495607	3.583268907	-3.66488281	-1.195229538	-3.591459901
27.5	-95.004	1	29.131	35.755	194.2	0.011706451	0.31217202	2040.00014	8.05	0.019510751	3.372146117	3.576969762	-3.523000641	-1.132669652	-3.830145782
28.085	-95.001	1	28.57	35.048	NA	0.028308618	0.681359153	2035.299952	8.044	0.030260937	3.352707173	3.557003833	-3.212373585	-0.369095832	-3.262080395
28.334	-94.999	1	28.297	33.913	197.3	0.022470489	0.799167822	2016.9989	8.04	0.089881956	3.343109124	3.52409325	-2.30376623	-0.21174894	-3.427423633
28.683	-95	1	27.756	31.776	195.3	0.037184175	1.146838252	1993.743925	8.034	0.265181883	3.323812251	3.459025941	-1.290323007	0.145690639	-3.053696718
27.335	-96.783	1	28.714	34.696	194.6	0.012693423	0.394472526	2035.460884	8.038	0.124981394	3.35773301	3.546912583	-2.002618332	-0.905171466	-3.785680132
26.067	-96.923	1	29.059	35.566	196.7	0	0.2478493	2056.177498	8.04	0.145391912	3.369672314	3.571671253	-1.861804889	-1.355379973	-4.605170186
26.061	-96.807	1	29.3	35.706	188.9	0.001951368	0.193185477	2069.99701	NA	0.089762949	3.377928755	3.575598768	-2.304958417	-1.593636037	-4.42690953
26.061	-96.568	1	29.084	35.491	192.6	0	0.162953543	2055.024704	8.025	0.060497722	3.370531967	3.569560865	-2.652174882	-1.754732258	-4.605170186
26.058	-96.325	1	28.768	35.107	195.3	0.048809382	0.27333254	2016.955833	8.054	0.011714252	3.359611206	3.558685344	-3.82978646	-1.261134018	-2.833453879
26.059	-96.082	1	29.39	35.353	195.9	0	0.297638147	2033.909486	8.052	0.025372432	3.380994674	3.565666076	-3.341822519	-1.178831034	-4.605170186
26.058	-95.841	1	29.261	35.304	194.3	0.003904191	0.24596403	2036.471984	8.047	0.168856259	3.376597265	3.564279486	-1.721172818	-1.362718352	-4.275564973
26.059	-95.55	1	29.219	35.583	194.5	0.010738753	0.874720233	2034.74425	8.054	0.025382507	3.375161367	3.572148989	-3.341537734	-0.122483805	-3.875751203
26.059	-95.121	1	29.24	35.878	192.2	0.026341607	0.922931848	2045.213907	8.051	0.026341607	3.375879574	3.580402978	-3.314791996	-0.069423127	-3.314791996
26.058	-94.671	1	29.272	36.091	186.7	0.002926299	0.284826456	2051.624415	NA	0.020484094	3.376972993	3.586320566	-3.49055024	-1.22136838	-4.348491361
26.058	-94.197	1	29.349	36.011	194	0.090712612	0.977355236	2048.150275	8.045	0.024385111	3.379599143	3.584102102	-3.370131628	-0.012725389	-2.295484244
26.058	-93.729	1	28.931	35.847	194.5	0	0.887750389	2030.049785	8.055	0.005853299	3.365259275	3.579538806	-4.144377662	-0.107863213	-4.605170186
26.057	-93.262	1	28.762	35.775	199	0	0.242930947	2040.092037	8.057	0.039025052	3.359402692	3.577528811	-3.015423846	-1.374638764	-4.605170186
24.999	-93.416	1	29.435	36.202	192.8	0.050708362	0.139447996	2036.824252	8.039	0.001950322	3.382524116	3.589390556	-4.426997055	-1.9008068	-2.801673831
22.275	-97.719	1	29.273	35.448	196.2	0.071231811	0.394214407	2044.69467	8.047	0.062449807	3.377007143	3.568348897	-2.624861274	-0.905809831	-2.510448347
22.274	-97.639	1	29.438	35.677	196.2	0.002926838	0.240976347	2044.793417	8.045	0.050731862	3.382625996	3.574786477	-2.801286809	-1.382396579	-4.348449664
22.273	-97.546	1	29.58	35.992	194.6	0.005852307	0.316024562	2052.055328	8.043	0.037064609	3.387436466	3.583574492	-3.056233962	-1.120782557	-4.144440237
22.275	-97.453	1	29.557	36.245	194.6	0.00195042	0.237951286	2055.403507	8.038	0.047785299	3.386658875	3.590577303	-2.851020878	-1.39452298	-4.426988855
22.274	-97.361	1	29.438	36.261	193	0	0.205742493	2051.792204	8.046	0.028277404	3.382625996	3.591018524	-3.262895531	-1.533669745	-4.605170186
22.274	-96.77	1	29.298	36.02	193.4	0	0.174706898	2039.451403	8.045	0.010736178	3.377860516	3.584351925	-3.875875375	-1.688985045	-4.605170186
22.274	-96.18	1	29.322	35.879	191.7	0	0.242880608	2033.402374	8.044	0.034139844	3.37867907	3.580430842	-3.120392412	-1.374837807	-4.605170186
22.276	-95.588	1	29.509	36.221	193.8	0.00780198	0.24673763	2055.941785	8.048	0.039009902	3.385034124	3.589915106	-3.01573292	-1.35970061	-4.028445592
22.274	-95	1	29.536	36.197	193.3	0.005851675	0.219437803	2047.999894	8.044	0.041937002	3.385948371	3.58925247	-2.957723795	-1.472123297	-4.144480106
20.729	-94.75	1	29.517	36.422	192.4	0	0.29546571	2054.993021	8.041	0.066309136	3.385305099	3.595447509	-2.57296261	-1.185917749	-4.605170186
20.601	-94.29	1	29.389	36.425	195.4	0	1.0063427	2057.363761	8.031	0.027303872	3.38096066	3.595529851	-3.288658151	0.016210595	-4.605170186
20.02	-93.771	1	29.403	34.943	193.1	0.003904547	0.117136423	2015.282078	8.027	0.069305717	3.381436753	3.554004302	-2.53444506	-2.062494572	-4.27553937
19.609	-93.5	1	29.283	34.766	193.7	0.003905705	0.149393219	2005.519518	NA	0.038080625	3.37734858	3.548927494	-3.03487599	-1.836381054	-4.275456091
19.17	-93.299	1	29.346	35.268	194.2	0	0.107350488	2033.287242	8.04	0.04977159	3.379496955	3.56325954	-2.817224815	-2.142590198	-4.605170186
18.836	-93.066	1	29.27	33.063	200.5	0	0.176958149	2031.069389	8.037	0.067459184	3.376904689	3.49871724	-2.558004139	-1.676870489	-4.605170186
22	-92.917	1	30.4368	36.158	192.9	0.102444645	0.707355882	NA	NA	NA	3.415980898	3.58817475	NA	-0.332183213	-2.185294223
21.733	-92.318	1	29.803	36.546	193.4	0	0.214561776	2056.252492	NA	0.026332582	3.39494454	3.598845331	-3.315040365	-1.493604438	-4.605170186
21.45	-91.567	1	29.486	36.546	193.7	0	0.194081066	2059.545128	8.028	0.048764087	3.384254661	3.598845331	-2.834224376	-1.589237982	-4.605170186
21.167	-90.768	1	29.383	36.597	192.8	0	0.24576134	2078.282412	7.986	0.049737414	3.380756551	3.600239479	-2.817796755	-1.363510535	-4.605170186
21.701	-89.667	1	29.487	36.5	198.9	0	0.233101012	2065.591456	8.004	0.023407633	3.384288563	3.597586196	-3.398970872	-1.414278235	-4.605170186
22.272	-90.043	1	29.767	36.313	194.6	0.020480654	0.186276428	2047.076946	8.026	0.031208616	3.393736283	3.592451149	-3.189107918	-1.628231266	-3.490663092
22.659	-90.288	1	29.539	36.224	193.2	0.013654694	0.226277786	2052.597961	8.033	0.010728688	3.386049902	3.589997905	-3.876236644	-1.442747107	-3.744193706
22.971	-90.499	1	29.599	36.223	196.2	0	0.236998815	2044.937843	8.042	0.030234417	3.388078369	3.589970306	-3.213032505	-1.39837174	-4.605170186
23.183	-90.642	1	29.914	NA	192.6	0	0.242877498	2045.670619	NA	0.036090231	3.398660834	NA	-3.07715426	-1.374850105	-4.605170186
21.927	-88	1	29.218	36.389	195.1	0	0.211584657	2049.882909	8.028	0.031201424	3.375127154	3.594541302	-3.18928246	-1.506950564	-4.605170186
22.542	-88	1	28.922	36.232	193.5	0	0.211609642	2043.41674	8.031	0.033155428	3.364948249	3.590218667	-3.142947076	-1.506837814	-4.605170186
23.156	-88.001	1	29.707	36.08	192.5	0.017554813	0.269173804	2042.13296	8.044	0.025356953	3.391719273	3.586015819	-3.342260216	-1.275920738	-3.591578058
23.769	-88.001	1	29.498	36.032	188.7	0	0.237016858	2039.177587	8.052	0.012679914	3.384661413	3.584684925	-3.786275592	-1.398298694	-4.605170186
24.386	-88.002	1	29.312	36.169	193.1	0	0.289656824	2025.236173	8.025	0.032184092	3.378338088	3.58847884	-3.165712096	-1.205117379	-4.605170186
24.994	-87.99	1	29.511	36.273	194.1	0	0.298414278	2025.406618	8.025	0.023405041	3.385101874	3.591349312	-3.399048462	-1.176311341	-4.605170186
25.493	-87.998	1	29.501	36.268	194.2	0.000975243	0.157014055	2026.496397	7.903	0.03023252	3.384763075	3.591211497	-3.213079655	-1.789677308	-4.512113179
26	-88	1	29.63	36.291	194.4	0.029255627	0.256474326	2022.988998	8.045	0.020478939	3.3891248	3.591845289	-3.490719358	-1.322477378	-3.237660482
23.088	-86.273	1	29.991	36.272	193.6	0.015608511	0.145354258	2028.006562	8.02	0.015608511	3.401230714	3.591321751	-3.664830522	-1.862047234	-3.664830522
22.734	-86.49	1	30.012	36.258	189	0.000975358	0.239937967	2025.296946	8.028	0	3.401930446	3.59093581	-4.605170186	-1.386542524	-4.512102701
22.54	-86.611	1	29.778	36.179	192	0	0.178461041	2023.216989	8.022	0.017553545	3.394105628	3.588755205	-3.591624077	-1.668863973	-4.605170186
22.348	-86.744	1	28.986	36.238	192.7	NA	NA	2036.700839	NA	NA	3.367157889	3.590384207	NA	NA	NA
22.254	-86.81	1	28.905	36.212	193.1	0.018528096	0.213560687	2036.700839	8.022	0.215511013	3.364360492	3.589666669	-1.489386283	-1.498072372	-3.556865853
22.206	-86.833	1	28.674	36.262	190.2	0.266239419	0.198948138	2043.605772	8.022	0.056563686	3.356339476	3.591046094	-2.709596105	-1.565669201	-1.286487329
22.073	-86.916	1	28.52	36.255	193.8	0	0.185290884	2043.549675	8.018	0.02828124	3.350956165	3.590853089	-3.26279532	-1.633265119	-4.605170186
21.948	-86.992	1	28.464	36.325	193.1	0	0.19698656	2051.943842	8.017	0.04973423	3.34899139	3.592781464	-2.817850056	-1.575101415	-4.605170186
21.551	-86.749	1	28.906	36.275	185.6	0.009751997	0.243799919	2056.908679	7.989	0.046809585	3.364395075	3.591404433	-2.868050217	-1.371209043	-3.924500679
21.591	-86.503	1	29.921	36.193	194.8	0.061441221	0.211630874	2021.047679	8.035	0.014628862	3.398894733	3.589141988	-3.703836272	-1.506742011	-2.638880251
21.633	-86.242	1	29.577	36.028	197.4	0.018530798	0.197011639	2021.2	8.038	0.029259154	3.387335076	3.584573937	-3.237570639	-1.57498026	-3.556771144
21.665	-85.98	1	29.842	36.02	NA	0.038040999	0.26140994	2012.829872	8.015	0.029262307	3.396251839	3.584351925	-3.23749033	-1.304124907	-3.035700487
21.678	-85.897	1	30.079	36.239	193.3	0.039984127	0.269161438	2017.447622	8.032	0.028281455	3.404159656	3.590411795	-3.262789704	-1.275965034	-2.996049784
24.4	-80.625	1	29.127	36.218	195.6	0.068265908	0.225277496	2022.000221	8.049	0.023405454	3.372008844	3.589832301	-3.399036099	-1.446989627	-2.547643173
24.517	-80.63	1	28.781	35.77	195.8	0.034145475	0.140484242	2025.494499	8.044	0.02146287	3.360062838	3.577389078	-3.458947159	-1.893896905	-3.120264849
24.735	-80.622	1	29.745	35.604	196.1	0.032197769	0.184405402	2024.469913	NA	0.035124839	3.392997185	3.572738819	-3.09832243	-1.637809599	-3.165387927
24.466	-82.867	1	29.372	36.048	196	0.020480808	0.131662338	2041.584928	8.026	0.051689659	3.380382242	3.585128753	-2.785638963	-1.954308954	-3.490658039
26.596	-82.696	1	28.626	35.816	194	0.018533439	0.166800955	2029.17778	8.049	0.066330204	3.354664668	3.578673887	-2.572686561	-1.732730727	-3.556678581
26.63	-82.554	1	28.557	35.224	199.8	0.027324381	0.258605747	2019.510128	8.076	0.088804238	3.352252205	3.562011526	-2.31461478	-1.314510599	-3.28810852
26.669	-82.417	1	28.686	35.502	151.6	0.043905234	0.378560684	2051.737296	8.019	0.120983311	3.35675774	3.569870668	-2.032685361	-0.945305921	-2.9205277
27.034	-82.615	1	28.177	35.683	NA	0.019510891	0.148282768	2025.235051	8.074	0.091701186	3.338860879	3.574954591	-2.285716314	-1.843372175	-3.522995897
26.955	-82.751	1	28.506	35.998	193.8	NA	NA	2035.746974	NA	NA	3.350465333	3.583741136	NA	NA	NA
26.879	-82.889	1	28.585	36.021	192	0.031209767	0.08777747	2050.784868	8.029	0.033160378	3.353231877	3.584379679	-3.142832381	-2.325061097	-3.189079988
26.729	-83.101	1	28.45	35.98	191	0.062421474	0.23310519	2056.080871	8.028	0.067298151	3.348499593	3.583241122	-2.560085243	-1.414261049	-2.625252421
26.62	-83.24	1	28.603	35.902	193.4	0.04389262	0.14435795	2040.946848	8.039	0.036089488	3.35386116	3.581071501	-3.077170381	-1.868481023	-2.920761731
26.521	-83.409	1	28.783	36.046	194.2	0	0.196999108	2042.014849	8.039	0.052663128	3.360132302	3.585073285	-2.769982074	-1.575040795	-4.605170186
26.387	-83.607	1	28.779	35.883	195.4	0.003901435	0.11704305	2033.493759	8.054	0.033162198	3.35999337	3.58054229	-3.142790213	-2.063229274	-4.275763207
26.259	-83.806	1	28.493	35.399	196.2	0.003902848	0.176603889	2030.58614	8.062	0.014635681	3.350009345	3.566966025	-3.70355944	-1.678767149	-4.275661568
26.132	-84.003	1	28.524	35.541	196.6	0.009757706	0.107334761	2030.447921	8.063	0.022442723	3.351096359	3.570968285	-3.428279114	-2.142724225	-3.924211687
26.002	-84.197	1	28.535	35.497	197	0.011709613	0.16491038	2029.743914	8.046	0.031225634	3.351481789	3.56972986	-3.188695032	-1.743481551	-3.830000121
25.874	-84.393	1	28.534	35.373	196	0.205929011	0.154202767	2027.482705	8.051	0.021471271	3.351446756	3.566231479	-3.458680181	-1.806653231	-1.532805578
25.745	-84.589	1	28.295	35.516	194.2	0.146379557	0.193221015	2027.843616	8.063	0.015613819	3.343038467	3.570264823	-3.664623268	-1.593461148	-1.855469169
25.658	-84.715	1	27.983	35.998	195.4	0.013656245	0.202892778	2040.595156	8.057	0.031214274	3.331954479	3.583741136	-3.188970626	-1.54696663	-3.74412814
25.574	-84.843	1	27.901	35.602	199.5	0.009758794	0.189320608	2039.009974	8.092	0.0331799	3.329020876	3.57268266	-3.14238017	-1.612840655	-3.924156621